frequency(Hz),V/rt(Hz)
0,5.96941587825977E-7
0.244140625,6.1849021947482E-7
0.48828125,5.78688264738992E-7
0.732421875,4.71788868228091E-7
0.9765625,3.84279282115707E-7
1.220703125,3.18293103433448E-7
1.46484375,2.79557232390141E-7
1.708984375,2.7140676178452E-7
1.953125,2.60704211019142E-7
2.197265625,2.38024642234104E-7
2.44140625,2.1737833212447E-7
2.685546875,2.07633611103489E-7
2.9296875,2.04477002897366E-7
3.173828125,1.92958675112969E-7
3.41796875,1.78626985272384E-7
3.662109375,1.7299708519534E-7
3.90625,1.67524123273334E-7
4.150390625,1.58109340211496E-7
4.39453125,1.55235148385148E-7
4.638671875,1.5893864484874E-7
4.8828125,1.63964046126753E-7
5.126953125,1.65139649035113E-7
5.37109375,1.56884071744637E-7
5.615234375,1.43513283801099E-7
5.859375,1.35758956971849E-7
6.103515625,1.35956839398507E-7
6.34765625,1.31044563826028E-7
6.591796875,1.24769552968387E-7
6.8359375,1.25792889884926E-7
7.080078125,1.26414212086078E-7
7.32421875,1.24757461620262E-7
7.568359375,1.18028044890336E-7
7.8125,1.11928081607122E-7
8.056640625,1.12178394027705E-7
8.30078125,1.18085163958028E-7
8.544921875,1.24888566699492E-7
8.7890625,1.26797199847369E-7
9.033203125,1.25850452881537E-7
9.27734375,1.27547333411117E-7
9.521484375,1.29563981242944E-7
9.765625,1.26525925287892E-7
10.009765625,1.20259870906364E-7
10.25390625,1.14255263264749E-7
10.498046875,1.09541420406009E-7
10.7421875,1.06244806820873E-7
10.986328125,1.03880097252479E-7
11.23046875,1.03424469848093E-7
11.474609375,1.02683170583341E-7
11.71875,9.77860045621489E-8
11.962890625,9.53123234257323E-8
12.20703125,1.0015442166913E-7
12.451171875,1.0436942516793E-7
12.6953125,1.06077585050376E-7
12.939453125,1.06887365924169E-7
13.18359375,1.04246751492174E-7
13.427734375,1.00688959078824E-7
13.671875,9.95526871515177E-8
13.916015625,9.85771614476803E-8
14.16015625,9.77282888771717E-8
14.404296875,9.90694183179893E-8
14.6484375,1.00579321094814E-7
14.892578125,9.98858324216967E-8
15.13671875,9.52194645854029E-8
15.380859375,8.84548635828761E-8
15.625,8.41232825956874E-8
15.869140625,8.35147259795029E-8
16.11328125,8.81243494931489E-8
16.357421875,9.26586538835511E-8
16.6015625,9.42425986261192E-8
16.845703125,9.38757168298005E-8
17.08984375,9.09645872812278E-8
17.333984375,8.69303976531405E-8
17.578125,8.38325215021446E-8
17.822265625,8.2067028139198E-8
18.06640625,8.22750928765773E-8
18.310546875,8.63575451087388E-8
18.5546875,9.06826149226611E-8
18.798828125,9.10658359426866E-8
19.04296875,9.00496758000277E-8
19.287109375,8.92294312100516E-8
19.53125,8.96638296847515E-8
19.775390625,9.12824646363022E-8
20.01953125,9.36364590984591E-8
20.263671875,9.64316667680518E-8
20.5078125,9.66632189244255E-8
20.751953125,9.17587330426695E-8
20.99609375,8.49151419641271E-8
21.240234375,8.35146418105075E-8
21.484375,8.51157385512818E-8
21.728515625,8.45405458109274E-8
21.97265625,8.50584622209756E-8
22.216796875,8.76514541619341E-8
22.4609375,8.8325014012251E-8
22.705078125,8.75086122616829E-8
22.94921875,8.96896764142805E-8
23.193359375,9.48723246375864E-8
23.4375,9.88357759165341E-8
23.681640625,9.96390263937046E-8
23.92578125,1.00627086201573E-7
24.169921875,1.09147132509367E-7
24.4140625,1.33739990428048E-7
24.658203125,1.92685553597764E-7
24.90234375,2.53167333590481E-7
25.146484375,2.39828005085373E-7
25.390625,1.64728518972407E-7
25.634765625,1.15276928799694E-7
25.87890625,1.08584630966544E-7
26.123046875,1.06376565440798E-7
26.3671875,9.83263837201358E-8
26.611328125,8.75054479999284E-8
26.85546875,8.3783024522605E-8
27.099609375,8.74002147759072E-8
27.34375,8.7047354103688E-8
27.587890625,8.41961844124704E-8
27.83203125,8.54572135118751E-8
28.076171875,9.06818802034983E-8
28.3203125,1.01628768812646E-7
28.564453125,1.07637719208815E-7
28.80859375,9.7928679715989E-8
29.052734375,8.65427715198133E-8
29.296875,8.49845019792896E-8
29.541015625,8.53776172529862E-8
29.78515625,8.37836993630364E-8
30.029296875,8.19766397461774E-8
30.2734375,8.13148107598496E-8
30.517578125,8.22114733444825E-8
30.76171875,8.36506945355473E-8
31.005859375,8.2524362535933E-8
31.25,7.83846554185535E-8
31.494140625,7.82879193848932E-8
31.73828125,8.31693288984337E-8
31.982421875,8.54823371617378E-8
32.2265625,8.27618001382318E-8
32.470703125,7.97744438218444E-8
32.71484375,7.85005384792099E-8
32.958984375,7.64389379307581E-8
33.203125,7.21758909840154E-8
33.447265625,6.8257433275596E-8
33.69140625,7.02549181156418E-8
33.935546875,7.66922486481002E-8
34.1796875,7.99831228493718E-8
34.423828125,7.91405294255493E-8
34.66796875,7.81235629154998E-8
34.912109375,7.6912799896756E-8
35.15625,7.53474409464334E-8
35.400390625,7.46209423303213E-8
35.64453125,7.41316487153154E-8
35.888671875,7.54948043660314E-8
36.1328125,7.56495813155678E-8
36.376953125,7.31630541406932E-8
36.62109375,7.17964753859849E-8
36.865234375,7.25179928704439E-8
37.109375,7.39156872028303E-8
37.353515625,7.47135742552581E-8
37.59765625,7.44860560390965E-8
37.841796875,7.59765786263677E-8
38.0859375,7.79732030794109E-8
38.330078125,7.62237317795694E-8
38.57421875,7.21364110609001E-8
38.818359375,7.23286726704982E-8
39.0625,7.53925769148742E-8
39.306640625,7.66989751469879E-8
39.55078125,7.69051383370817E-8
39.794921875,7.62978606035903E-8
40.0390625,7.67659170888231E-8
40.283203125,7.92990745711829E-8
40.52734375,8.34432505907137E-8
40.771484375,8.53595952868555E-8
41.015625,8.23286222498258E-8
41.259765625,7.67369839233517E-8
41.50390625,7.14476788090114E-8
41.748046875,6.81932626873693E-8
41.9921875,6.87677423733751E-8
42.236328125,7.16056274269158E-8
42.48046875,7.49031990899222E-8
42.724609375,7.66736999010519E-8
42.96875,7.61378868299174E-8
43.212890625,7.37961869433182E-8
43.45703125,7.16075053896767E-8
43.701171875,7.15900811255058E-8
43.9453125,7.25278624513643E-8
44.189453125,7.38511443299951E-8
44.43359375,7.52413414086557E-8
44.677734375,7.69983008700086E-8
44.921875,7.78057189879633E-8
45.166015625,7.56144211650401E-8
45.41015625,7.2811735456359E-8
45.654296875,7.40804268781282E-8
45.8984375,7.67593437748909E-8
46.142578125,7.6935243714925E-8
46.38671875,7.53070466582027E-8
46.630859375,7.5671814170401E-8
46.875,8.03221500946507E-8
47.119140625,8.26231999322278E-8
47.36328125,7.63287540605182E-8
47.607421875,6.9714334289167E-8
47.8515625,6.95222633531809E-8
48.095703125,7.13567328601607E-8
48.33984375,7.38041422547065E-8
48.583984375,7.63859744434505E-8
48.828125,7.75768176306375E-8
49.072265625,7.93178686188639E-8
49.31640625,9.08292273148738E-8
49.560546875,1.49342309804685E-7
49.8046875,2.38461110421598E-7
50.048828125,2.6539723173581E-7
50.29296875,1.97282015997409E-7
50.537109375,1.11859513199737E-7
50.78125,8.02488632793757E-8
51.025390625,7.69694352051202E-8
51.26953125,7.81804039771183E-8
51.513671875,7.87383451712268E-8
51.7578125,7.49928578879416E-8
52.001953125,6.84434869296476E-8
52.24609375,6.22921727609369E-8
52.490234375,6.25307383669364E-8
52.734375,6.74007900840735E-8
52.978515625,7.17012939278239E-8
53.22265625,7.56634049088549E-8
53.466796875,7.73878201426771E-8
53.7109375,7.68597812115348E-8
53.955078125,7.61057151872055E-8
54.19921875,7.401225351488E-8
54.443359375,7.29260933848735E-8
54.6875,7.37654674993829E-8
54.931640625,7.45397462763041E-8
55.17578125,7.53644466458322E-8
55.419921875,7.35394254487791E-8
55.6640625,6.99570868633229E-8
55.908203125,6.82640753481715E-8
56.15234375,6.9486753932003E-8
56.396484375,7.12612299564039E-8
56.640625,7.20890456166372E-8
56.884765625,7.44045279454784E-8
57.12890625,7.73929934861713E-8
57.373046875,7.46922468829229E-8
57.6171875,6.92696399898829E-8
57.861328125,6.58526419323303E-8
58.10546875,6.40577576196393E-8
58.349609375,6.46187922869502E-8
58.59375,6.56212911604913E-8
58.837890625,6.87805007462223E-8
59.08203125,7.53505033101356E-8
59.326171875,8.99312815998534E-8
59.5703125,1.45358269450328E-7
59.814453125,2.29174056312925E-7
60.05859375,2.56045597927248E-7
60.302734375,1.92264954852015E-7
60.546875,1.06008680508926E-7
60.791015625,7.00521950454808E-8
61.03515625,6.76981907376669E-8
61.279296875,6.83443179161001E-8
61.5234375,7.04398740527037E-8
61.767578125,7.29721030064264E-8
62.01171875,7.23891732267498E-8
62.255859375,7.07124344779068E-8
62.5,7.03497800468175E-8
62.744140625,6.95313999558538E-8
62.98828125,6.91951503564453E-8
63.232421875,6.98941728563446E-8
63.4765625,7.00016621282242E-8
63.720703125,7.13137674522392E-8
63.96484375,7.21212800474226E-8
64.208984375,7.16872051185504E-8
64.453125,7.22527726988547E-8
64.697265625,7.21842619674131E-8
64.94140625,7.25295985495742E-8
65.185546875,7.24273802746289E-8
65.4296875,6.76965767830816E-8
65.673828125,6.08548977435523E-8
65.91796875,5.76450920533004E-8
66.162109375,6.01205825161161E-8
66.40625,6.48999325975941E-8
66.650390625,6.73291126008427E-8
66.89453125,6.65682312327264E-8
67.138671875,6.74101552869508E-8
67.3828125,7.03994487981307E-8
67.626953125,7.14706500452318E-8
67.87109375,6.90657617800115E-8
68.115234375,6.64903590476862E-8
68.359375,6.46806098878033E-8
68.603515625,6.3071228970352E-8
68.84765625,6.32422293975419E-8
69.091796875,6.48078551174496E-8
69.3359375,6.73713552426805E-8
69.580078125,7.04478699878865E-8
69.82421875,7.06349384351295E-8
70.068359375,6.72040080784505E-8
70.3125,6.57850199598847E-8
70.556640625,6.8351432218345E-8
70.80078125,7.04952065962236E-8
71.044921875,7.01753315864111E-8
71.2890625,6.90516862745621E-8
71.533203125,7.03956305380086E-8
71.77734375,7.38653251821735E-8
72.021484375,7.42561079999242E-8
72.265625,7.07735415323408E-8
72.509765625,6.8184031939894E-8
72.75390625,6.61517820236997E-8
72.998046875,6.30327084885368E-8
73.2421875,6.35420959322177E-8
73.486328125,6.98648392385486E-8
73.73046875,7.59452441151015E-8
73.974609375,7.60125442724879E-8
74.21875,7.28796227835909E-8
74.462890625,7.86492645535631E-8
74.70703125,9.75579820178276E-8
74.951171875,1.11375021104165E-7
75.1953125,1.01571753277937E-7
75.439453125,8.09291623212494E-8
75.68359375,7.09274997304296E-8
75.927734375,6.92168490887924E-8
76.171875,6.904809668327E-8
76.416015625,6.91440993754383E-8
76.66015625,6.83235498443323E-8
76.904296875,6.82628351855112E-8
77.1484375,6.99787021957181E-8
77.392578125,7.01447844795758E-8
77.63671875,6.89425673958079E-8
77.880859375,6.88042292026177E-8
78.125,6.79098137008756E-8
78.369140625,6.58680042550585E-8
78.61328125,6.47870171652093E-8
78.857421875,6.56659356630799E-8
79.1015625,6.83675227450822E-8
79.345703125,7.36831296579472E-8
79.58984375,7.79025359409092E-8
79.833984375,7.63892832366878E-8
80.078125,7.07318465323193E-8
80.322265625,6.48553262881526E-8
80.56640625,6.20432648368826E-8
80.810546875,6.22986977917275E-8
81.0546875,6.18932228313889E-8
81.298828125,6.02979996940517E-8
81.54296875,5.915867641073E-8
81.787109375,6.04837422866664E-8
82.03125,6.48451066587886E-8
82.275390625,6.71922876290389E-8
82.51953125,6.64574628611042E-8
82.763671875,6.68910135452931E-8
83.0078125,6.61297892942893E-8
83.251953125,6.2077926653787E-8
83.49609375,6.04505653568094E-8
83.740234375,6.26649367430916E-8
83.984375,6.54765779279242E-8
84.228515625,6.86186347875574E-8
84.47265625,6.92915271093146E-8
84.716796875,6.69749433346514E-8
84.9609375,6.65969288274935E-8
85.205078125,7.02084881869679E-8
85.44921875,7.66389417999183E-8
85.693359375,8.13368327368583E-8
85.9375,7.82445708171093E-8
86.181640625,6.97210019501582E-8
86.42578125,6.55676953444712E-8
86.669921875,6.66372323791036E-8
86.9140625,6.8648676766792E-8
87.158203125,6.75053182006492E-8
87.40234375,6.37215816775101E-8
87.646484375,6.15825317615561E-8
87.890625,6.25327593472732E-8
88.134765625,6.55341401410923E-8
88.37890625,6.87513787731282E-8
88.623046875,6.91058925314925E-8
88.8671875,6.76474038276262E-8
89.111328125,6.64899798343013E-8
89.35546875,6.57348006425602E-8
89.599609375,6.4156502215492E-8
89.84375,6.28666633989917E-8
90.087890625,6.57562422506676E-8
90.33203125,6.92512678228713E-8
90.576171875,7.01492219866694E-8
90.8203125,6.91058792638621E-8
91.064453125,6.79235521429449E-8
91.30859375,6.71265706757139E-8
91.552734375,6.49480493794643E-8
91.796875,6.24800287466134E-8
92.041015625,6.03191242691291E-8
92.28515625,5.99270976642497E-8
92.529296875,6.26402415081418E-8
92.7734375,6.52132041052867E-8
93.017578125,6.55584025946093E-8
93.26171875,6.70234514280412E-8
93.505859375,6.99185942950244E-8
93.75,7.20364562430979E-8
93.994140625,7.02820538474627E-8
94.23828125,6.68304677033108E-8
94.482421875,6.67488883187253E-8
94.7265625,6.66499262746573E-8
94.970703125,6.39516614445942E-8
95.21484375,6.16305854891775E-8
95.458984375,5.94060475605471E-8
95.703125,5.87008534746911E-8
95.947265625,6.0129798219514E-8
96.19140625,6.11630489487335E-8
96.435546875,6.36023580045173E-8
96.6796875,6.66769271560563E-8
96.923828125,6.85873899145024E-8
97.16796875,6.97280787927925E-8
97.412109375,6.79018722168423E-8
97.65625,6.33243180754675E-8
97.900390625,6.05443957660664E-8
98.14453125,6.05179590403339E-8
98.388671875,6.11785247946508E-8
98.6328125,6.15362061480724E-8
98.876953125,6.17699953451556E-8
99.12109375,6.19970641243416E-8
99.365234375,6.24817505462344E-8
99.609375,6.59469357516915E-8
99.853515625,7.09336548132281E-8
100.09765625,7.26115734555464E-8
100.341796875,6.9475207427819E-8
100.5859375,6.50783972665787E-8
100.830078125,6.22036026831243E-8
101.07421875,6.16786959250791E-8
101.318359375,6.21567614779661E-8
101.5625,6.21667642764815E-8
101.806640625,6.17184328950092E-8
102.05078125,6.0071152988199E-8
102.294921875,5.60844808025172E-8
102.5390625,5.31067725443782E-8
102.783203125,5.59921473560994E-8
103.02734375,6.329039922693E-8
103.271484375,6.70841852837316E-8
103.515625,6.42696242646499E-8
103.759765625,6.1389913324572E-8
104.00390625,6.49421129113399E-8
104.248046875,7.04261035582758E-8
104.4921875,7.15161024361918E-8
104.736328125,6.97336976756371E-8
104.98046875,6.83665079779654E-8
105.224609375,6.54341816578025E-8
105.46875,6.13730292351002E-8
105.712890625,6.02614595398676E-8
105.95703125,6.16139583232908E-8
106.201171875,6.25490494360607E-8
106.4453125,6.15746329072065E-8
106.689453125,6.05208728973299E-8
106.93359375,6.1483821318942E-8
107.177734375,6.3417079682546E-8
107.421875,6.3914190423219E-8
107.666015625,6.20945107935673E-8
107.91015625,5.95583990219179E-8
108.154296875,5.90662123650062E-8
108.3984375,6.02688129537155E-8
108.642578125,6.15250253865901E-8
108.88671875,6.27371154183497E-8
109.130859375,6.15671574690478E-8
109.375,5.85015475623462E-8
109.619140625,5.68937096930178E-8
109.86328125,5.73049444548422E-8
110.107421875,5.73598430268113E-8
110.3515625,5.68362369158603E-8
110.595703125,5.76457150135448E-8
110.83984375,5.7893527427885E-8
111.083984375,5.78683434423658E-8
111.328125,6.02331988663145E-8
111.572265625,6.40818851272319E-8
111.81640625,6.58338663079397E-8
112.060546875,6.39383721067309E-8
112.3046875,6.19080150721396E-8
112.548828125,6.16474684452718E-8
112.79296875,6.40655506817836E-8
113.037109375,6.8868682556903E-8
113.28125,7.00066762426762E-8
113.525390625,6.75603195870107E-8
113.76953125,6.64226754218434E-8
114.013671875,6.60676091197577E-8
114.2578125,6.40917734447548E-8
114.501953125,6.20356217105662E-8
114.74609375,6.17950408316207E-8
114.990234375,6.21558002002151E-8
115.234375,6.26662316023966E-8
115.478515625,6.44069045385313E-8
115.72265625,6.71034308821871E-8
115.966796875,6.79315878209345E-8
116.2109375,6.80282833576178E-8
116.455078125,6.77827803341088E-8
116.69921875,6.44561456592605E-8
116.943359375,6.07168775742419E-8
117.1875,6.13590543996096E-8
117.431640625,6.45896558502011E-8
117.67578125,6.70221313086641E-8
117.919921875,6.66603735363289E-8
118.1640625,6.47492200735929E-8
118.408203125,6.46438616235936E-8
118.65234375,6.65274127037999E-8
118.896484375,6.82765652611345E-8
119.140625,6.88516549243774E-8
119.384765625,7.4836396007826E-8
119.62890625,1.00497667191565E-7
119.873046875,1.32174028673961E-7
120.1171875,1.3110455792344E-7
120.361328125,9.59161633213713E-8
120.60546875,6.74105089219863E-8
120.849609375,6.36859716609847E-8
121.09375,6.54042379202885E-8
121.337890625,6.42312396024113E-8
121.58203125,6.23952570405504E-8
121.826171875,6.17789996318803E-8
122.0703125,6.03384230835395E-8
122.314453125,5.77539257681312E-8
122.55859375,5.71298250253537E-8
122.802734375,5.94870361483762E-8
123.046875,6.1976494214988E-8
123.291015625,6.1378041172479E-8
123.53515625,6.12284030690924E-8
123.779296875,6.47874841823206E-8
124.0234375,6.73805748559565E-8
124.267578125,6.8974796784378E-8
124.51171875,7.52184327936516E-8
124.755859375,8.52015485686824E-8
125,8.86931648004134E-8
125.244140625,7.96990082979827E-8
125.48828125,6.76631762150182E-8
125.732421875,6.18981679607416E-8
125.9765625,6.23934275400013E-8
126.220703125,6.30308368803657E-8
126.46484375,6.29278199910323E-8
126.708984375,6.38068856009314E-8
126.953125,6.39431471228941E-8
127.197265625,6.34788253862956E-8
127.44140625,6.25306186211909E-8
127.685546875,6.10071603221988E-8
127.9296875,6.08905698228793E-8
128.173828125,6.21408111947308E-8
128.41796875,6.24782751036246E-8
128.662109375,6.39435271013556E-8
128.90625,6.71966403977676E-8
129.150390625,6.75860885517322E-8
129.39453125,6.41498731529094E-8
129.638671875,6.01402728224514E-8
129.8828125,5.73170257457572E-8
130.126953125,5.5787525372114E-8
130.37109375,5.58918889982012E-8
130.615234375,5.84353979126142E-8
130.859375,6.0308004193513E-8
131.103515625,6.03422218341756E-8
131.34765625,6.14786688687586E-8
131.591796875,6.2068148352929E-8
131.8359375,6.03281627290065E-8
132.080078125,5.95499057877301E-8
132.32421875,6.01181855917859E-8
132.568359375,6.30706983647857E-8
132.8125,6.60093708150183E-8
133.056640625,6.5111274383839E-8
133.30078125,6.28583278728071E-8
133.544921875,6.26956988790109E-8
133.7890625,6.22565035955919E-8
134.033203125,6.07064395310041E-8
134.27734375,6.02396881740731E-8
134.521484375,6.17956639949386E-8
134.765625,6.35947893212474E-8
135.009765625,6.36744916133536E-8
135.25390625,6.24290453986082E-8
135.498046875,6.0688214588633E-8
135.7421875,5.95070002889961E-8
135.986328125,6.04349688411581E-8
136.23046875,6.28335992051837E-8
136.474609375,6.50429450854162E-8
136.71875,6.40218261869382E-8
136.962890625,6.09558099608884E-8
137.20703125,6.16354128504637E-8
137.451171875,6.46576653499907E-8
137.6953125,6.47352116160748E-8
137.939453125,6.24447189448152E-8
138.18359375,6.14151436693346E-8
138.427734375,6.12195873816921E-8
138.671875,6.06191750306061E-8
138.916015625,6.09048428406213E-8
139.16015625,6.10759589644088E-8
139.404296875,6.05843445128933E-8
139.6484375,6.14141807363774E-8
139.892578125,6.4673810079557E-8
140.13671875,6.730415570922E-8
140.380859375,6.63462608068281E-8
140.625,6.43559921224083E-8
140.869140625,6.25218203471786E-8
141.11328125,6.27051551167142E-8
141.357421875,6.62834814162976E-8
141.6015625,6.77652656179005E-8
141.845703125,6.53333054072942E-8
142.08984375,6.05055773709538E-8
142.333984375,5.64066553884989E-8
142.578125,5.84624156650566E-8
142.822265625,6.61993697844669E-8
143.06640625,7.2090910986392E-8
143.310546875,7.15515017270473E-8
143.5546875,6.72784218528183E-8
143.798828125,6.34602745122078E-8
144.04296875,6.23155885597525E-8
144.287109375,6.29226619264128E-8
144.53125,6.38986549132927E-8
144.775390625,6.62432256150293E-8
145.01953125,6.72474973218494E-8
145.263671875,6.46963473552415E-8
145.5078125,6.17557020552588E-8
145.751953125,6.25222162961131E-8
145.99609375,6.50420828499179E-8
146.240234375,6.51912885412582E-8
146.484375,6.230176628234E-8
146.728515625,5.96500975686684E-8
146.97265625,6.13772121022966E-8
147.216796875,6.27406057501712E-8
147.4609375,6.10696911392399E-8
147.705078125,5.87525074903349E-8
147.94921875,5.68704448783393E-8
148.193359375,5.68630631616377E-8
148.4375,5.7781521345063E-8
148.681640625,5.90800622282157E-8
148.92578125,6.33669587856049E-8
149.169921875,6.65357777656849E-8
149.4140625,6.77864211493268E-8
149.658203125,8.12812025971846E-8
149.90234375,1.02381512220634E-7
150.146484375,1.00926814615303E-7
150.390625,7.97751717273156E-8
150.634765625,6.65586901689452E-8
150.87890625,6.28278010276946E-8
151.123046875,6.20040860121296E-8
151.3671875,6.3752823898385E-8
151.611328125,6.51323839841004E-8
151.85546875,6.34332318056806E-8
152.099609375,6.28502902995204E-8
152.34375,6.61203767868357E-8
152.587890625,6.66959259758101E-8
152.83203125,6.46761539440988E-8
153.076171875,6.32651148207383E-8
153.3203125,6.04179139993227E-8
153.564453125,6.00971531212572E-8
153.80859375,6.40479690300086E-8
154.052734375,6.73637268450048E-8
154.296875,6.82568914939481E-8
154.541015625,6.70478541337403E-8
154.78515625,6.43591714700153E-8
155.029296875,6.2757830482942E-8
155.2734375,6.40461986695612E-8
155.517578125,6.62620190039452E-8
155.76171875,6.69716645552545E-8
156.005859375,6.52748637794569E-8
156.25,6.26965300127375E-8
156.494140625,6.25481308338772E-8
156.73828125,6.25485046284149E-8
156.982421875,6.11030070733281E-8
157.2265625,6.03919355658291E-8
157.470703125,6.11629115346631E-8
157.71484375,6.14273743411621E-8
157.958984375,6.08564119096765E-8
158.203125,6.09118049924854E-8
158.447265625,6.1806850191351E-8
158.69140625,6.48877771325003E-8
158.935546875,6.75313615904368E-8
159.1796875,6.62483535007207E-8
159.423828125,6.23974464927824E-8
159.66796875,5.96767830413271E-8
159.912109375,5.94403525229307E-8
160.15625,5.82013339487495E-8
160.400390625,5.5807222054156E-8
160.64453125,5.46864422899079E-8
160.888671875,5.52382017015283E-8
161.1328125,5.68944456300465E-8
161.376953125,5.80636461584118E-8
161.62109375,5.89659743852774E-8
161.865234375,6.0822661925707E-8
162.109375,6.02179850664031E-8
162.353515625,5.65752487796688E-8
162.59765625,5.51096710592136E-8
162.841796875,5.67427514774986E-8
163.0859375,5.85480140402487E-8
163.330078125,5.95370404647072E-8
163.57421875,5.95856384795937E-8
163.818359375,6.10286303572543E-8
164.0625,6.32477600553084E-8
164.306640625,6.28850200235788E-8
164.55078125,6.11266559134091E-8
164.794921875,5.99642544082919E-8
165.0390625,6.01313611399816E-8
165.283203125,6.25889638423875E-8
165.52734375,6.40917043009782E-8
165.771484375,6.1682144574636E-8
166.015625,5.77820053139602E-8
166.259765625,5.55203995485309E-8
166.50390625,5.58468846224948E-8
166.748046875,5.70293507485216E-8
166.9921875,5.92814057956159E-8
167.236328125,6.15055622400898E-8
167.48046875,6.01349010681701E-8
167.724609375,5.81628933574058E-8
167.96875,5.81928579796329E-8
168.212890625,5.83191240188414E-8
168.45703125,5.92298931115911E-8
168.701171875,6.14863389776397E-8
168.9453125,6.28057611249849E-8
169.189453125,6.19285188953627E-8
169.43359375,6.01921285216396E-8
169.677734375,5.93503485347777E-8
169.921875,5.84804301466732E-8
170.166015625,5.70683594119416E-8
170.41015625,5.69232202885981E-8
170.654296875,5.81814365755886E-8
170.8984375,5.94703518474721E-8
171.142578125,5.96864538668149E-8
171.38671875,5.96072052244665E-8
171.630859375,6.16436435345235E-8
171.875,6.5704077563371E-8
172.119140625,6.72740380317834E-8
172.36328125,6.54298961452781E-8
172.607421875,6.45730286150049E-8
172.8515625,6.40186467947399E-8
173.095703125,6.23298147498098E-8
173.33984375,6.19341841375371E-8
173.583984375,6.20915181983061E-8
173.828125,6.17897263780067E-8
174.072265625,6.13918946973529E-8
174.31640625,5.99275209566417E-8
174.560546875,6.11911324042422E-8
174.8046875,7.09723525981831E-8
175.048828125,7.63182186904111E-8
175.29296875,6.97240067920828E-8
175.537109375,6.43544012024346E-8
175.78125,6.43115906867273E-8
176.025390625,6.37941218369148E-8
176.26953125,6.01258437222372E-8
176.513671875,5.67792846026777E-8
176.7578125,5.88496841671476E-8
177.001953125,6.29558808096924E-8
177.24609375,6.63171943598303E-8
177.490234375,6.54144052380173E-8
177.734375,6.11038548691169E-8
177.978515625,5.97345977623362E-8
178.22265625,6.14833416348623E-8
178.466796875,6.26301240168364E-8
178.7109375,6.17470928157097E-8
178.955078125,6.06118136994821E-8
179.19921875,6.47928522786873E-8
179.443359375,1.14625114436184E-7
179.6875,2.36668469321859E-7
179.931640625,3.41493400713872E-7
180.17578125,3.23628132634063E-7
180.419921875,2.03790854549638E-7
180.6640625,9.71266967514442E-8
180.908203125,6.00755435096807E-8
181.15234375,5.3125294314521E-8
181.396484375,5.13759449910602E-8
181.640625,5.23905343369699E-8
181.884765625,5.59033654124175E-8
182.12890625,6.03466027629718E-8
182.373046875,6.34119975627722E-8
182.6171875,6.41391384784807E-8
182.861328125,6.31720599193349E-8
183.10546875,6.06985877920386E-8
183.349609375,5.7765455508317E-8
183.59375,5.89001543381784E-8
183.837890625,6.35540062471551E-8
184.08203125,6.64422920272109E-8
184.326171875,6.52244906415326E-8
184.5703125,6.14285783683859E-8
184.814453125,5.94169506621485E-8
185.05859375,6.23618105865084E-8
185.302734375,6.47866492099626E-8
185.546875,6.21259415585673E-8
185.791015625,5.74745373974459E-8
186.03515625,5.53198861570125E-8
186.279296875,5.57509398878132E-8
186.5234375,5.76633883744044E-8
186.767578125,5.94902085648721E-8
187.01171875,5.85838335325523E-8
187.255859375,5.67719314081599E-8
187.5,5.78893172192168E-8
187.744140625,5.94509820137471E-8
187.98828125,5.88556535572703E-8
188.232421875,5.86947407696066E-8
188.4765625,5.92936539380741E-8
188.720703125,5.94259103359228E-8
188.96484375,5.96888834890287E-8
189.208984375,6.0892406833407E-8
189.453125,6.12926827744731E-8
189.697265625,5.99837794891455E-8
189.94140625,5.95888159044107E-8
190.185546875,5.98672430871343E-8
190.4296875,6.13251748741576E-8
190.673828125,6.25531951935067E-8
190.91796875,6.32119024545559E-8
191.162109375,6.54288171327701E-8
191.40625,6.56893910755655E-8
191.650390625,6.3769746467744E-8
191.89453125,6.26088565866125E-8
192.138671875,6.06724021134283E-8
192.3828125,6.00425482366218E-8
192.626953125,6.16830537769911E-8
192.87109375,6.24682610303084E-8
193.115234375,6.18029931109521E-8
193.359375,6.18534598023963E-8
193.603515625,6.20691676133002E-8
193.84765625,6.25681977541379E-8
194.091796875,6.45485757023135E-8
194.3359375,6.53537423694688E-8
194.580078125,6.34853704682714E-8
194.82421875,6.10616834007381E-8
195.068359375,5.97695553048327E-8
195.3125,5.91099884701988E-8
195.556640625,5.84835892306149E-8
195.80078125,5.69438578716154E-8
196.044921875,5.62071286536294E-8
196.2890625,5.81297088602633E-8
196.533203125,6.08503826431174E-8
196.77734375,6.17428211579285E-8
197.021484375,6.03564979333747E-8
197.265625,6.01379707007993E-8
197.509765625,6.18197029160716E-8
197.75390625,6.31014540039505E-8
197.998046875,6.28978710892647E-8
198.2421875,6.19565217563926E-8
198.486328125,6.13725387254506E-8
198.73046875,6.03397653360863E-8
198.974609375,5.99119515189148E-8
199.21875,6.10914793844505E-8
199.462890625,6.38313808514672E-8
199.70703125,7.36474415346694E-8
199.951171875,8.36100423293965E-8
200.1953125,7.93030634280908E-8
200.439453125,6.70108693368808E-8
200.68359375,6.01614578604711E-8
200.927734375,5.73043924568542E-8
201.171875,5.58882908567344E-8
201.416015625,5.74078565084404E-8
201.66015625,5.9723269064165E-8
201.904296875,6.09857203141139E-8
202.1484375,6.26434664657165E-8
202.392578125,6.50752812366163E-8
202.63671875,6.64722578147294E-8
202.880859375,6.50957193912791E-8
203.125,6.21310009790853E-8
203.369140625,5.87884623212153E-8
203.61328125,5.72869977964208E-8
203.857421875,5.93310554246817E-8
204.1015625,6.17218743726736E-8
204.345703125,6.31349588181175E-8
204.58984375,6.2109670896152E-8
204.833984375,5.83727179924473E-8
205.078125,5.52867144157867E-8
205.322265625,5.5652984605749E-8
205.56640625,5.80834575992358E-8
205.810546875,5.86168443611296E-8
206.0546875,5.83128953027494E-8
206.298828125,5.98493243195871E-8
206.54296875,6.07968489003763E-8
206.787109375,5.87544607656641E-8
207.03125,5.68625713714378E-8
207.275390625,5.77364230440421E-8
207.51953125,5.90555032685715E-8
207.763671875,5.89391174617903E-8
208.0078125,5.78711345759157E-8
208.251953125,5.75062744145062E-8
208.49609375,5.79993182871957E-8
208.740234375,5.85743772066869E-8
208.984375,5.92644031797012E-8
209.228515625,5.96100764410702E-8
209.47265625,6.06012667825555E-8
209.716796875,6.34378834517746E-8
209.9609375,6.31689974175699E-8
210.205078125,5.79393949046052E-8
210.44921875,5.44445583914729E-8
210.693359375,5.44668562066287E-8
210.9375,5.50515848916281E-8
211.181640625,5.63487699118322E-8
211.42578125,6.03066282931639E-8
211.669921875,6.38571709182476E-8
211.9140625,6.27216513751972E-8
212.158203125,5.81913033928382E-8
212.40234375,5.53386999634465E-8
212.646484375,5.55270020574437E-8
212.890625,5.6371358173497E-8
213.134765625,5.659535443441E-8
213.37890625,5.55781084760741E-8
213.623046875,5.40078147929343E-8
213.8671875,5.3387376422022E-8
214.111328125,5.48317276382239E-8
214.35546875,5.68107348694599E-8
214.599609375,5.71717000054701E-8
214.84375,5.74040791995097E-8
215.087890625,5.90317676389354E-8
215.33203125,6.05575845668856E-8
215.576171875,6.00919428055503E-8
215.8203125,5.93720110434669E-8
216.064453125,5.98614920000137E-8
216.30859375,5.90415958802498E-8
216.552734375,5.68815062545E-8
216.796875,5.44807477372885E-8
217.041015625,5.27290970166017E-8
217.28515625,5.36218068764954E-8
217.529296875,5.50267914627519E-8
217.7734375,5.30997338439998E-8
218.017578125,5.06891552876486E-8
218.26171875,5.12785366868585E-8
218.505859375,5.32306201783819E-8
218.75,5.5495686150508E-8
218.994140625,5.72245821190899E-8
219.23828125,5.87872718060609E-8
219.482421875,6.00044620585169E-8
219.7265625,6.08711699174995E-8
219.970703125,6.06611225984722E-8
220.21484375,5.88071356978392E-8
220.458984375,5.89144374972579E-8
220.703125,6.17275313488522E-8
220.947265625,6.34084212798658E-8
221.19140625,6.30372854515949E-8
221.435546875,6.17374700317239E-8
221.6796875,6.04624654536596E-8
221.923828125,5.74525477762036E-8
222.16796875,5.33909427568203E-8
222.412109375,5.37561040752088E-8
222.65625,5.68913111168471E-8
222.900390625,5.64639673166711E-8
223.14453125,5.50597284706677E-8
223.388671875,5.81360965147742E-8
223.6328125,6.2182329451657E-8
223.876953125,6.28566698731672E-8
224.12109375,6.10909716058969E-8
224.365234375,6.01409766544173E-8
224.609375,5.99579952527417E-8
224.853515625,5.98672686122548E-8
225.09765625,5.96042697752309E-8
225.341796875,5.80010123866198E-8
225.5859375,5.65468699597933E-8
225.830078125,5.53924961238132E-8
226.07421875,5.2532314057126E-8
226.318359375,5.05151080626734E-8
226.5625,5.44671283485798E-8
226.806640625,6.09764009054079E-8
227.05078125,6.42358572498877E-8
227.294921875,6.40512042253745E-8
227.5390625,6.19027843749621E-8
227.783203125,5.94243674344328E-8
228.02734375,5.84783370615871E-8
228.271484375,5.8147179927096E-8
228.515625,5.82407435953308E-8
228.759765625,5.96533535334073E-8
229.00390625,6.08962939858185E-8
229.248046875,5.99518119111239E-8
229.4921875,5.87060492941816E-8
229.736328125,5.7909362461953E-8
229.98046875,5.65139506299373E-8
230.224609375,5.58508739548089E-8
230.46875,5.62510651562129E-8
230.712890625,5.83784115710329E-8
230.95703125,6.12468065926821E-8
231.201171875,6.10266847665992E-8
231.4453125,5.86920070285356E-8
231.689453125,5.77986323407312E-8
231.93359375,5.73412180007303E-8
232.177734375,5.7599833874139E-8
232.421875,5.94743936083003E-8
232.666015625,6.02955033785787E-8
232.91015625,5.91841814606275E-8
233.154296875,5.76585226445248E-8
233.3984375,5.77108421641173E-8
233.642578125,5.97704169012799E-8
233.88671875,6.13637761184033E-8
234.130859375,6.13863038756288E-8
234.375,6.11511602403327E-8
234.619140625,6.16536601827035E-8
234.86328125,6.17033921283841E-8
235.107421875,5.99390736446267E-8
235.3515625,5.84755383251447E-8
235.595703125,5.86471138035731E-8
235.83984375,5.8623726337105E-8
236.083984375,5.80194703847796E-8
236.328125,5.89803556042923E-8
236.572265625,5.99343799166125E-8
236.81640625,5.86476766140542E-8
237.060546875,5.73616545806852E-8
237.3046875,5.75652550104427E-8
237.548828125,5.87132201233843E-8
237.79296875,6.26756581520754E-8
238.037109375,6.5203431953362E-8
238.28125,6.23414345638902E-8
238.525390625,5.86024339102085E-8
238.76953125,5.87586635986524E-8
239.013671875,6.18104894721502E-8
239.2578125,6.43226838223239E-8
239.501953125,6.65633369021215E-8
239.74609375,7.68634791570355E-8
239.990234375,8.79157427933202E-8
240.234375,8.19961134528599E-8
240.478515625,6.61312288992485E-8
240.72265625,5.74501858313477E-8
240.966796875,5.56200884524794E-8
241.2109375,5.57984782647179E-8
241.455078125,5.85432662087903E-8
241.69921875,6.10476698340155E-8
241.943359375,5.99864594556443E-8
242.1875,5.94086198337448E-8
242.431640625,6.14300833692296E-8
242.67578125,6.24388259180461E-8
242.919921875,6.07269539825466E-8
243.1640625,5.77051965890703E-8
243.408203125,5.54904072837904E-8
243.65234375,5.56212038949006E-8
243.896484375,5.67944859009227E-8
244.140625,5.74700252782981E-8
244.384765625,5.70461275016631E-8
244.62890625,5.79954662004419E-8
244.873046875,6.19365699969081E-8
245.1171875,6.55969774218623E-8
245.361328125,6.59093818699767E-8
245.60546875,6.34308998319422E-8
245.849609375,6.21106624116458E-8
246.09375,6.23016779825638E-8
246.337890625,5.93894871712631E-8
246.58203125,5.55846738892609E-8
246.826171875,5.73172390319226E-8
247.0703125,6.23351665070931E-8
247.314453125,6.54762931987589E-8
247.55859375,6.42672536849537E-8
247.802734375,6.15261927312201E-8
248.046875,6.10073181255895E-8
248.291015625,6.10781581805531E-8
248.53515625,6.0763956094411E-8
248.779296875,6.07686963911285E-8
249.0234375,5.90532960063715E-8
249.267578125,5.58698563176612E-8
249.51171875,5.5524808647407E-8
249.755859375,6.1978119052246E-8
250,6.77542850457314E-8
250.244140625,6.36069876724828E-8
250.48828125,5.74460335735105E-8
250.732421875,5.95309417461574E-8
250.9765625,6.46261464625085E-8
251.220703125,6.65418499304809E-8
251.46484375,6.5635159395175E-8
251.708984375,6.37969603126017E-8
251.953125,6.30905094568972E-8
252.197265625,6.42729838231171E-8
252.44140625,6.36468052418142E-8
252.685546875,6.12745648640163E-8
252.9296875,6.25377125500687E-8
253.173828125,6.43735846003786E-8
253.41796875,6.08085053206159E-8
253.662109375,5.84496769939093E-8
253.90625,6.08403718874981E-8
254.150390625,6.21455767921854E-8
254.39453125,6.22116869618125E-8
254.638671875,6.15119918456853E-8
254.8828125,5.93698206962512E-8
255.126953125,5.994093216755E-8
255.37109375,6.30358163990322E-8
255.615234375,6.48074165424022E-8
255.859375,6.35397246642422E-8
256.103515625,5.81092268310143E-8
256.34765625,5.44018847850582E-8
256.591796875,5.56844453121433E-8
256.8359375,5.7962278122181E-8
257.080078125,6.10869417456447E-8
257.32421875,6.52358244166228E-8
257.568359375,6.41229687534864E-8
257.8125,5.96487731010044E-8
258.056640625,5.90393932747127E-8
258.30078125,5.93220092973572E-8
258.544921875,5.84995127010592E-8
258.7890625,5.80618696663719E-8
259.033203125,5.94753262833318E-8
259.27734375,6.09566823659632E-8
259.521484375,5.99765414527286E-8
259.765625,5.86408730198105E-8
260.009765625,5.86038107085071E-8
260.25390625,5.9391805440611E-8
260.498046875,5.84952363883272E-8
260.7421875,5.57705782506671E-8
260.986328125,5.36268451016004E-8
261.23046875,5.25388848789689E-8
261.474609375,5.17145545809937E-8
261.71875,5.12152433782873E-8
261.962890625,5.16850591154326E-8
262.20703125,5.35775139548793E-8
262.451171875,5.61077201763971E-8
262.6953125,5.82657849786925E-8
262.939453125,5.91766829392668E-8
263.18359375,5.75692659494246E-8
263.427734375,5.55842340198187E-8
263.671875,5.71015532266634E-8
263.916015625,5.98832273396809E-8
264.16015625,5.95902340223844E-8
264.404296875,5.66857699378253E-8
264.6484375,5.55926789050117E-8
264.892578125,5.72034046864146E-8
265.13671875,5.848555671279E-8
265.380859375,5.75837279616119E-8
265.625,5.7204235478806E-8
265.869140625,6.18028744277379E-8
266.11328125,6.64077014404692E-8
266.357421875,6.6472595749558E-8
266.6015625,6.38014417331485E-8
266.845703125,6.04761572720938E-8
267.08984375,5.7766645919478E-8
267.333984375,5.69974393286268E-8
267.578125,5.7596549376532E-8
267.822265625,5.82917226513233E-8
268.06640625,5.80427274772162E-8
268.310546875,5.66160818405277E-8
268.5546875,5.65958404464293E-8
268.798828125,5.90580623473803E-8
269.04296875,6.25052762393053E-8
269.287109375,6.4272724670222E-8
269.53125,6.37020963851182E-8
269.775390625,6.2348407863798E-8
270.01953125,6.06198203649605E-8
270.263671875,5.84952834111811E-8
270.5078125,5.67240235091273E-8
270.751953125,5.57237098814106E-8
270.99609375,5.6540800058276E-8
271.240234375,5.86488074298969E-8
271.484375,5.80829156308688E-8
271.728515625,5.44714038848654E-8
271.97265625,5.39331338396889E-8
272.216796875,5.62759030200059E-8
272.4609375,5.65361215194242E-8
272.705078125,5.6737308533E-8
272.94921875,5.83867088039183E-8
273.193359375,5.97953364638682E-8
273.4375,5.95395942458604E-8
273.681640625,5.7401795124687E-8
273.92578125,5.43665030462068E-8
274.169921875,5.40928771790706E-8
274.4140625,5.73508030506972E-8
274.658203125,5.97044215158168E-8
274.90234375,5.94755266909337E-8
275.146484375,5.89943603184863E-8
275.390625,5.85590012226097E-8
275.634765625,5.87924703849782E-8
275.87890625,6.05986341794889E-8
276.123046875,6.01486877756524E-8
276.3671875,5.73978017685338E-8
276.611328125,5.54388396356541E-8
276.85546875,5.47025911251142E-8
277.099609375,5.50465271615286E-8
277.34375,5.54721352783092E-8
277.587890625,5.56317143302032E-8
277.83203125,5.61385694587105E-8
278.076171875,5.6005185795506E-8
278.3203125,5.50676294221743E-8
278.564453125,5.54681269715202E-8
278.80859375,5.82254710939438E-8
279.052734375,6.21121804084225E-8
279.296875,6.27579765794974E-8
279.541015625,6.05801472603002E-8
279.78515625,6.08310226749759E-8
280.029296875,6.14440992510734E-8
280.2734375,5.88125403843065E-8
280.517578125,5.6134714906123E-8
280.76171875,5.36728881655007E-8
281.005859375,5.139333328353E-8
281.25,5.21927793952106E-8
281.494140625,5.43593351028406E-8
281.73828125,5.52797653097288E-8
281.982421875,5.52920597128723E-8
282.2265625,5.61625646296336E-8
282.470703125,5.74067331909477E-8
282.71484375,5.71491473188361E-8
282.958984375,5.5817410003544E-8
283.203125,5.76420646357472E-8
283.447265625,6.02425875879777E-8
283.69140625,5.97507683916555E-8
283.935546875,5.86336255810695E-8
284.1796875,5.94259489079468E-8
284.423828125,5.96707805547315E-8
284.66796875,5.72402257897139E-8
284.912109375,5.46831923891257E-8
285.15625,5.52376290502711E-8
285.400390625,5.92416102181515E-8
285.64453125,6.33058208938097E-8
285.888671875,6.4020372565503E-8
286.1328125,6.22149611519544E-8
286.376953125,6.0422853418889E-8
286.62109375,5.91500482774906E-8
286.865234375,5.66852793052596E-8
287.109375,5.51893168494987E-8
287.353515625,5.60445337629222E-8
287.59765625,5.7616290684901E-8
287.841796875,5.8495722289328E-8
288.0859375,5.80574795240229E-8
288.330078125,5.68323086844688E-8
288.57421875,5.53270263244608E-8
288.818359375,5.51363146614541E-8
289.0625,5.65722127315851E-8
289.306640625,5.7165284783974E-8
289.55078125,5.70689779570718E-8
289.794921875,5.63022362915193E-8
290.0390625,5.72575545938346E-8
290.283203125,6.17434250486912E-8
290.52734375,6.37059200402229E-8
290.771484375,6.01929891468142E-8
291.015625,5.56456665711018E-8
291.259765625,5.58566741217103E-8
291.50390625,5.81344852096867E-8
291.748046875,5.77958350618372E-8
291.9921875,5.69108352206036E-8
292.236328125,5.62167765911261E-8
292.48046875,5.55533794895385E-8
292.724609375,5.54573623390342E-8
292.96875,5.60237176413417E-8
293.212890625,5.59996984506048E-8
293.45703125,5.64495297400426E-8
293.701171875,5.86561181232464E-8
293.9453125,5.99101788202524E-8
294.189453125,5.94361387597444E-8
294.43359375,5.77969481729644E-8
294.677734375,5.6263687800701E-8
294.921875,5.57431577186884E-8
295.166015625,5.65717211141658E-8
295.41015625,5.7713185498124E-8
295.654296875,5.76662689262195E-8
295.8984375,5.66547115313017E-8
296.142578125,5.54859183374693E-8
296.38671875,5.43347404666712E-8
296.630859375,5.41769570163646E-8
296.875,5.38294522678676E-8
297.119140625,5.3579510432948E-8
297.36328125,5.59186435939682E-8
297.607421875,5.75680900379635E-8
297.8515625,5.72085041189E-8
298.095703125,5.79306511189578E-8
298.33984375,5.91091741225924E-8
298.583984375,5.93619775094619E-8
298.828125,5.86295805943349E-8
299.072265625,5.71107156034255E-8
299.31640625,5.85135959389528E-8
299.560546875,7.14625675440146E-8
299.8046875,9.59564336915973E-8
300.048828125,1.0739980631946E-7
300.29296875,9.02121467858091E-8
300.537109375,6.64117006614334E-8
300.78125,5.84151800249894E-8
301.025390625,5.76243582162894E-8
301.26953125,5.68777235435126E-8
301.513671875,5.69730447707821E-8
301.7578125,5.76671831467144E-8
302.001953125,5.76373084590389E-8
302.24609375,5.71031749459768E-8
302.490234375,5.74444880376711E-8
302.734375,5.73632982499162E-8
302.978515625,5.60920794018433E-8
303.22265625,5.5085025835578E-8
303.466796875,5.49064833094783E-8
303.7109375,5.47467023182589E-8
303.955078125,5.72701982147484E-8
304.19921875,6.01677009296463E-8
304.443359375,5.81662614700016E-8
304.6875,5.32225671107646E-8
304.931640625,5.24229385405814E-8
305.17578125,5.51691475037666E-8
305.419921875,5.65159163802046E-8
305.6640625,5.66450842298639E-8
305.908203125,5.57771675832982E-8
306.15234375,5.45602137051368E-8
306.396484375,5.39518052722331E-8
306.640625,5.23476634003122E-8
306.884765625,5.07920686695951E-8
307.12890625,5.18418727050909E-8
307.373046875,5.50686728069677E-8
307.6171875,5.76016352274659E-8
307.861328125,5.77839199926974E-8
308.10546875,5.77804264496483E-8
308.349609375,5.82368130146902E-8
308.59375,5.73995961509365E-8
308.837890625,5.8764928278662E-8
309.08203125,6.40069876721793E-8
309.326171875,6.51645796082301E-8
309.5703125,6.18702967605726E-8
309.814453125,5.92271531103045E-8
310.05859375,5.77558546068678E-8
310.302734375,5.69729401657133E-8
310.546875,5.56044946428344E-8
310.791015625,5.35642468943969E-8
311.03515625,5.31333477450921E-8
311.279296875,5.42327368270469E-8
311.5234375,5.52283938830646E-8
311.767578125,5.63271356920623E-8
312.01171875,5.70217859318214E-8
312.255859375,5.71358270019765E-8
312.5,5.95360548555492E-8
312.744140625,6.26687432117732E-8
312.98828125,6.14884241075371E-8
313.232421875,5.95432258163484E-8
313.4765625,6.03249203879576E-8
313.720703125,5.96513451544446E-8
313.96484375,5.78848875907766E-8
314.208984375,5.90664038122185E-8
314.453125,6.12133292703238E-8
314.697265625,6.04612725164525E-8
314.94140625,5.80252196932655E-8
315.185546875,5.80453812268392E-8
315.4296875,5.94400902962324E-8
315.673828125,6.02928396833219E-8
315.91796875,6.0506761858055E-8
316.162109375,6.10224553343273E-8
316.40625,6.20544975138816E-8
316.650390625,6.15723397418063E-8
316.89453125,5.91851083812736E-8
317.138671875,5.86035994972322E-8
317.3828125,5.90369421000303E-8
317.626953125,5.86611251358334E-8
317.87109375,5.87071035000329E-8
318.115234375,5.78248852647886E-8
318.359375,5.68722505255715E-8
318.603515625,5.75591703788666E-8
318.84765625,5.70374745067863E-8
319.091796875,5.62490086490748E-8
319.3359375,5.76200063450968E-8
319.580078125,5.9099168364785E-8
319.82421875,5.9844996358898E-8
320.068359375,6.01598372996701E-8
320.3125,5.83057984198929E-8
320.556640625,5.57885059887705E-8
320.80078125,5.54174265029884E-8
321.044921875,5.48824123062212E-8
321.2890625,5.43230367432962E-8
321.533203125,5.47810016546088E-8
321.77734375,5.59949637850823E-8
322.021484375,5.78538680539266E-8
322.265625,5.82372853281228E-8
322.509765625,5.79350033944136E-8
322.75390625,5.74395399152108E-8
322.998046875,5.76256257927686E-8
323.2421875,6.04535153230507E-8
323.486328125,6.07729937729313E-8
323.73046875,5.74074998175898E-8
323.974609375,5.50986783105843E-8
324.21875,5.55243352777882E-8
324.462890625,5.68402025140466E-8
324.70703125,5.87125121893759E-8
324.951171875,6.12827492573157E-8
325.1953125,6.36953528556115E-8
325.439453125,6.29757037562536E-8
325.68359375,5.90361370986057E-8
325.927734375,5.77620904800853E-8
326.171875,5.82127278233745E-8
326.416015625,5.68749642625439E-8
326.66015625,5.60392602405157E-8
326.904296875,5.70398321091726E-8
327.1484375,5.6555154891246E-8
327.392578125,5.46116764216166E-8
327.63671875,5.48538597138988E-8
327.880859375,5.82511696316596E-8
328.125,5.95864745254706E-8
328.369140625,5.64853110600417E-8
328.61328125,5.47432578038069E-8
328.857421875,5.63290102993745E-8
329.1015625,5.70002784695672E-8
329.345703125,5.58358919629319E-8
329.58984375,5.50943543758644E-8
329.833984375,5.53679740306112E-8
330.078125,5.74586197630678E-8
330.322265625,6.11274633829892E-8
330.56640625,6.29958649217869E-8
330.810546875,6.10549661001836E-8
331.0546875,5.78788972858845E-8
331.298828125,5.76668598588045E-8
331.54296875,5.8346481089315E-8
331.787109375,5.68976229423278E-8
332.03125,5.59290434882698E-8
332.275390625,5.52223976676318E-8
332.51953125,5.44026347681543E-8
332.763671875,5.62456642873481E-8
333.0078125,5.78415765806241E-8
333.251953125,5.58000721298882E-8
333.49609375,5.20834243495595E-8
333.740234375,5.11140729567058E-8
333.984375,5.20572407698642E-8
334.228515625,5.19351233471242E-8
334.47265625,5.25978894624289E-8
334.716796875,5.26950193528785E-8
334.9609375,5.11894874074509E-8
335.205078125,5.23360496413125E-8
335.44921875,5.43425274885113E-8
335.693359375,5.43282096442822E-8
335.9375,5.3059558558208E-8
336.181640625,5.38514230561635E-8
336.42578125,5.75315106473381E-8
336.669921875,6.15401171964966E-8
336.9140625,6.17575628196563E-8
337.158203125,5.83067707543918E-8
337.40234375,5.83563540428383E-8
337.646484375,6.19620734586013E-8
337.890625,6.41372110020394E-8
338.134765625,6.32002565038679E-8
338.37890625,5.99550820760192E-8
338.623046875,5.7173648486469E-8
338.8671875,5.55551206691536E-8
339.111328125,5.56998164643426E-8
339.35546875,5.69300117354535E-8
339.599609375,5.69509876270637E-8
339.84375,5.5115951249402E-8
340.087890625,5.30063554381567E-8
340.33203125,5.29594270384392E-8
340.576171875,5.57143194081174E-8
340.8203125,5.7481723618379E-8
341.064453125,5.6674193112154E-8
341.30859375,5.67072808100299E-8
341.552734375,5.75222585589579E-8
341.796875,5.70382702084861E-8
342.041015625,5.62929884727443E-8
342.28515625,5.83444303432863E-8
342.529296875,6.14368417366387E-8
342.7734375,6.07282222231615E-8
343.017578125,5.67825033442349E-8
343.26171875,5.46194715229173E-8
343.505859375,5.55709070745371E-8
343.75,5.58727500210973E-8
343.994140625,5.49472549448544E-8
344.23828125,5.41979692827213E-8
344.482421875,5.38466186877771E-8
344.7265625,5.43402244010839E-8
344.970703125,5.56029254023931E-8
345.21484375,5.65272201451387E-8
345.458984375,5.68395680369293E-8
345.703125,5.69377283053961E-8
345.947265625,5.69391346214723E-8
346.19140625,5.55225573535252E-8
346.435546875,5.24344893394345E-8
346.6796875,5.13470407001096E-8
346.923828125,5.27699553727477E-8
347.16796875,5.44029184669298E-8
347.412109375,5.64618373702074E-8
347.65625,5.91110975160381E-8
347.900390625,5.92188317078838E-8
348.14453125,5.7399175514398E-8
348.388671875,5.6614168153477E-8
348.6328125,5.55700958616272E-8
348.876953125,5.52480077788741E-8
349.12109375,5.71305017503346E-8
349.365234375,5.78053843824643E-8
349.609375,5.71948315933659E-8
349.853515625,5.94443294860392E-8
350.09765625,6.19326543758299E-8
350.341796875,6.01372795389085E-8
350.5859375,5.62686388416653E-8
350.830078125,5.29647158081361E-8
351.07421875,5.11063023315884E-8
351.318359375,5.19545804794074E-8
351.5625,5.53828839404532E-8
351.806640625,5.93333141655309E-8
352.05078125,6.27894208189263E-8
352.294921875,6.45923008588362E-8
352.5390625,6.14511370772396E-8
352.783203125,5.59269888017126E-8
353.02734375,5.60944522206869E-8
353.271484375,6.01067842774445E-8
353.515625,6.00304681663083E-8
353.759765625,5.66056515965526E-8
354.00390625,5.50499582519593E-8
354.248046875,5.59155800929123E-8
354.4921875,5.77804899224128E-8
354.736328125,6.02556902853624E-8
354.98046875,6.28307147760499E-8
355.224609375,6.32927629353399E-8
355.46875,6.16418462650795E-8
355.712890625,6.06449150143822E-8
355.95703125,6.21876865294446E-8
356.201171875,6.28622174363934E-8
356.4453125,6.02610106990022E-8
356.689453125,5.74475897078614E-8
356.93359375,5.68866963264017E-8
357.177734375,5.62769158571142E-8
357.421875,5.5045258492221E-8
357.666015625,5.47968270215996E-8
357.91015625,5.57929158115259E-8
358.154296875,5.79184392621925E-8
358.3984375,5.98049446806588E-8
358.642578125,5.90996751570679E-8
358.88671875,5.68509310949389E-8
359.130859375,5.4976251021897E-8
359.375,5.51975702256516E-8
359.619140625,5.77200322543864E-8
359.86328125,6.20827906124635E-8
360.107421875,6.42910007091883E-8
360.3515625,6.1416641535037E-8
360.595703125,5.78121514951016E-8
360.83984375,5.57813755813553E-8
361.083984375,5.58960582873113E-8
361.328125,5.6346518994837E-8
361.572265625,5.48091767806846E-8
361.81640625,5.46408477826194E-8
362.060546875,5.6425759513439E-8
362.3046875,5.79554837148358E-8
362.548828125,5.89488289440188E-8
362.79296875,5.81970120939614E-8
363.037109375,5.66670069575606E-8
363.28125,5.65608504153748E-8
363.525390625,5.74015262474293E-8
363.76953125,5.77844224531274E-8
364.013671875,5.71690858896161E-8
364.2578125,5.60541796983297E-8
364.501953125,5.46432752298787E-8
364.74609375,5.49350975644267E-8
364.990234375,5.79253514523951E-8
365.234375,5.94395504140932E-8
365.478515625,5.7063681279945E-8
365.72265625,5.48470730848349E-8
365.966796875,5.61071400583455E-8
366.2109375,5.86505010073146E-8
366.455078125,5.98337805051235E-8
366.69921875,5.9203091383689E-8
366.943359375,5.82403185386549E-8
367.1875,5.78312114625475E-8
367.431640625,5.88793018668663E-8
367.67578125,5.88095133013939E-8
367.919921875,5.63373028571304E-8
368.1640625,5.51372348013872E-8
368.408203125,5.559465524074E-8
368.65234375,5.67849226628006E-8
368.896484375,5.72133920952753E-8
369.140625,5.558614742653E-8
369.384765625,5.50480262079259E-8
369.62890625,5.54194945669161E-8
369.873046875,5.56041895925561E-8
370.1171875,5.69848317272773E-8
370.361328125,5.71196303838275E-8
370.60546875,5.44437837248478E-8
370.849609375,5.47110575797254E-8
371.09375,6.01838872220906E-8
371.337890625,6.47685578583618E-8
371.58203125,6.36822931837588E-8
371.826171875,5.88140006037893E-8
372.0703125,5.6570027432432E-8
372.314453125,5.86314519566489E-8
372.55859375,5.88623258865924E-8
372.802734375,5.47306837655898E-8
373.046875,5.04191190223846E-8
373.291015625,4.90469470019735E-8
373.53515625,4.99046411371871E-8
373.779296875,5.17267805564056E-8
374.0234375,5.29796473123861E-8
374.267578125,5.28921041598671E-8
374.51171875,5.38114028906608E-8
374.755859375,5.86601065742485E-8
375,6.29285897789187E-8
375.244140625,6.21119811273307E-8
375.48828125,6.00448845563147E-8
375.732421875,5.920228347911E-8
375.9765625,5.8481219280405E-8
376.220703125,5.73877319529809E-8
376.46484375,5.6218630414815E-8
376.708984375,5.60210226795063E-8
376.953125,5.54567891953345E-8
377.197265625,5.46712557993946E-8
377.44140625,5.54520384877906E-8
377.685546875,5.59865413674923E-8
377.9296875,5.59663835553961E-8
378.173828125,5.66016803644857E-8
378.41796875,5.62021939457607E-8
378.662109375,5.5141242219736E-8
378.90625,5.57318265387877E-8
379.150390625,5.84505188304681E-8
379.39453125,6.25451501700557E-8
379.638671875,6.32615616365444E-8
379.8828125,6.0027968362338E-8
380.126953125,5.52037241541594E-8
380.37109375,5.12169888241303E-8
380.615234375,5.12362026989374E-8
380.859375,5.29647965926669E-8
381.103515625,5.32777342000549E-8
381.34765625,5.50634584604883E-8
381.591796875,6.02140008313349E-8
381.8359375,6.49406963611494E-8
382.080078125,6.58192157454656E-8
382.32421875,6.21699916731261E-8
382.568359375,5.5888389289218E-8
382.8125,5.19060564538088E-8
383.056640625,5.17417030845476E-8
383.30078125,5.36219208687226E-8
383.544921875,5.56042170746317E-8
383.7890625,5.6184237740387E-8
384.033203125,5.52906087396858E-8
384.27734375,5.49356288628419E-8
384.521484375,5.65870537847939E-8
384.765625,5.85053767756215E-8
385.009765625,5.8352842395878E-8
385.25390625,5.51913630044688E-8
385.498046875,5.16115679531665E-8
385.7421875,4.84707485624014E-8
385.986328125,4.60722866126546E-8
386.23046875,4.61632276957985E-8
386.474609375,4.89897154101547E-8
386.71875,5.34268075276811E-8
386.962890625,5.68096239539138E-8
387.20703125,5.86336959488588E-8
387.451171875,5.80322060613916E-8
387.6953125,5.49479418636365E-8
387.939453125,5.4714900711044E-8
388.18359375,5.82586089132673E-8
388.427734375,6.03867633374391E-8
388.671875,6.03820866947993E-8
388.916015625,6.0210508698969E-8
389.16015625,6.01551023703609E-8
389.404296875,5.936763541621E-8
389.6484375,5.82917672168474E-8
389.892578125,5.79482718600838E-8
390.13671875,5.67522168099136E-8
390.380859375,5.58213822796869E-8
